z[0]=56.418466
z[1]=49.241662
z[2]=44.754864
z[3]=26.812079
z[4]=17.764789
z[5]=16.264746
z[6]=14.901791
z[7]=13.662391
z[8]=12.534529
z[9]=11.507145
z[10]=10.570324
z[11]=9.715587
z[12]=8.934729
z[13]=8.220924
z[14]=7.567806
z[15]=6.969652
z[16]=6.421481
z[17]=5.918548
z[18]=5.456737
z[19]=5.032382
z[20]=4.642067
z[21]=4.282843
z[22]=3.951917
z[23]=3.646797
z[24]=3.365268
z[25]=3.105276
z[26]=2.865033
z[27]=2.642801
z[28]=2.437088
z[29]=2.246648
z[30]=2.070046
z[31]=1.906216
z[32]=1.754237
z[33]=1.612945
z[34]=1.481728
z[35]=1.359643
z[36]=1.245949
z[37]=1.140232
z[38]=1.041466
z[39]=0.949732
z[40]=0.863829
z[41]=0.783975
z[42]=0.709089
z[43]=0.639476
z[44]=0.574025
z[45]=0.513287
z[46]=0.456079
z[47]=0.402910
z[48]=0.352951
z[49]=0.306211
z[50]=0.262623
z[51]=0.221449
z[52]=0.183387
z[53]=0.147548
z[54]=0.113780
z[55]=0.082661
z[56]=0.053316
z[57]=0.025612
z[58]=0.000264
z[59]=-0.023571
z[60]=-0.046002
z[61]=-0.066833
z[62]=-0.085948
z[63]=-0.103822